160M 500 2.3190 2.3190  200 1.6590 1.6590
 80M 500 2.3198 2.3198  200 1.6598 1.6598
 40M 500 2.3181 2.3181  200 1.6581 1.6581
 30M 500 2.3171 2.3171  200 1.6571 1.6571
 20M 500 2.3168 2.3168  200 1.6568 1.6568
 17M 500 2.3150 2.3150  200 1.6550 1.6550
 15M 500 2.3150 2.3150  200 1.6550 1.6550
 12M 500 2.3142 2.3142  200 1.6542 1.6542
 10M 500 2.3134 2.3134  200 1.6534 1.6534
 
 160M 500 2.3128 2.3128  200 1.5958 1.5958
  80M 500 2.3121 2.3121  200 1.5952 1.5952
  40M 500 2.3113 2.3113  200 1.5944 1.5944
  30M 500 2.3109 2.3109  200 1.5940 1.5940
  20M 500 2.3104 2.3104  200 1.5935 1.5935
  17M 500 2.3098 2.3098  200 1.5929 1.5929
  15M 500 2.3091 2.3091  200 1.5922 1.5922
  12M 500 2.3087 2.3087  200 1.5918 1.5918
  10M 500 2.3083 2.3083  200 1.5914 1.5914

Data:  b'Coupler #2  160M 500 2.2560 2.2560  200 1.5560 1.5560'
Data:  b'Coupler #2   80M 500 2.2540 2.2540  200 1.5540 1.5540'
Data:  b'Coupler #2   40M 500 2.2530 2.2530  200 1.5530 1.5530'
Data:  b'Coupler #2   30M 500 2.2520 2.2520  200 1.5520 1.5520'
Data:  b'Coupler #2   20M 500 2.2520 2.2520  200 1.5520 1.5520'
Data:  b'Coupler #2   17M 500 2.2510 2.2510  200 1.5510 1.5510'
Data:  b'Coupler #2   15M 500 2.2500 2.2510  200 1.5500 1.5500'
Data:  b'Coupler #2   12M 500 2.2470 2.2470  200 1.5470 1.5470'
Data:  b'Coupler #2   10M 500 2.2450 2.2450  200 1.5450 1.5450'